64925
40679
58222
15888
62660
41506
59520
64984
24589
5420
15435
13024
6996
42020
3375
14889
45345
4257
58479
54931
19218
28720
50505
12847
49108
31069
47337
17032
16769
39253
51034
61455
20709
22851
57301
43072
56951
57829
30455
45453
29948
53782
5944
36382
3553
51761
60019
30983
47366
61138
31138
63217
39573
43327
52654
6639
18105
18378
32793
26147
9655
3090
38961
52351
4226
11566
45082
26734
38825
22615
26615
12009
37198
4090
46019
34678
24713
46971
54690
31831
32245
11637
37211
21687
51098
8081
16873
44123
819
5561
22236
34448
23104
59274
28544
8115
53362
33264
54578
63599
17497
46227
47063
31118
15578
4923
63048
48479
64787
46770
52329
18080
18794
65404
53284
23152
15517
6899
49513
7609
8194
25954
54949
44237
41029
20908
4636
63410
62637
64896
29858
62839
48104
18361
27178
38626
56219
8785
58497
739
39102
63928
17057
63601
15226
46432
22399
30471
51948
55450
52367
62506
326
15368
23109
46739
22639
20253
13922
25019
40868
43641
60555
9305
42296
22523
5227
21623
12645
47099
61646
59942
31125
31980
38976
16641
52174
17307
28783
46727
323
50873
19929
10887
10938
17588
44989
34127
21186
7948
18584
18280
26038
65292
13492
48840
42947
25778
1443
59239
19108
46708
45695
47074
61642
64385
52285
51157
20377
59921
17154
58333
55137
61715
11
27720
51945
13277
30464
54828
37749
59394
44130
34001
17834
17649
35988
35226
12726
56172
35610
58558
18965
7072
35614
16368
2577
29900
60543
3934
1175
31881
6876
45977
11943
7816
12632
60000
27503
60452
44483
17166
36047
13752
64292
47017
26157
57945
63069
13322
21260
48643
53756
4817
39807
46658
47291
10948
61435
49818
49860
20638
8453
52252
47293
30641
42928
8109
25487
18724
17965
58363
59457
60570
19968
51170
49007
18279
6219
992
65283
32763
11685
47530
58884
37803
2925
23598
21812
9202
34124
49279
16010
53192
26777
45478
12560
56388
19691
52827
18754
10026
49029
19552
46860
19765
9978
12808
11627
9828
40677
10111
21322
45879
31334
12037
19750
59497
17383
8569
49789
29103
45914
33833
7164
10722
50816
14649
55156
11609
37428
15938
40946
48430
34199
30861
47569
46342
16714
52307
22593
52219
15152
2176
41419
53684
41803
43828
49208
19867
11823
4266
1009
30037
60771
9906
18396
7016
27733
28306
46915
42406
10610
40569
26422
5871
54388
1701
57127
61175
44535
30050
25732
59314
65067
27756
18949
8406
62088
20970
32929
61611
47482
58352
33940
38114
26857
40690
32874
16366
63002
19077
6431
17995
11305
19476
62699
25880
24418
18797
20820
36538
26709
42268
14235
19797
57116
20737
22625
29612
22173
47230
51964
32313
34472
16209
51809
3451
35596
11474
45904
19138
4918
16756
38265
47003
6687
38321
26200
59419
24331
29434
36891
26571
52709
20608
9263
39450
38665
64289
20284
49211
15223
45565
59077
35205
63743
60380
38547
12016
2787
54684
39052
14476
13422
62144
13344
45785
11500
45069
61017
62487
17599
98
14210
44396
2860
7798
5006
4805
49457
26311
15605
32183
63619
35896
21252
19655
11239
37853
62195
32826
18647
29006
2649
63988
48858
31032
6343
29949
32920
23447
32908
36283
37547
58994
62371
15279
64909
28071
44059
15048
49288
38901
40694
19403
21451
15839
36857
17048
19872
32782
44057
19714
23292
51436
39451
5952
17382
56464
15501
47732
37177
47872
22906
8228
22803
65373
8556
35188
2596
43849
62644
42088
59950
19625
37308
25304
39443
1416
1470
6228
57088
54727
47296
7199
20077
17875
57926
52472
15943
9165
46223
50148
36229
56011
58301
52160
55438
14703
40051
50025
27039
31473
62751
31192
29933
36817
52703
19767
52205
63947
34809
31095
22571
54836
3593
36633
7586
45576
5453
8583
54264
35005
1385
58347
65137
27110
31281
52790
51514
1725
14778
36881
26906
12139
54130
16228
44463
44341
61988
27007
24536
2636
63109
13317
45646
40578
24775
10925
56271
35215
18819
29663
7475
19557
966
5606
17355
9012
34583
33597
50944
36315
28536
64707
8182
5253
61054
20107
61691
1651
39551
46528
6488
61908
31510
13799
22103
59670
21453
34891
38203
23735
529
792
28777
44149
49639
7597
26067
26660
32836
32393
25284
7052
43498
5034
6837
2534
30009
35369
59757
18666
50208
25548
29965
39260
58347
58193
61617
20413
37680
28829
25754
50033
29909
61206
13120
31161
2606
45145
48085
35904
16457
16038
22693
21873
52500
39629
31445
61149
64296
52112
37682
33967
65150
46708
10709
27685
39794
17952
43517
36571
23705
24325
15720
24992
3412
12839
45194
53130
59047
9733
59330
20931
15517
63708
27445
44480
25490
31755
2983
24371
35271
34994
33919
42110
59742
42956
16094
7366
48372
38464
17612
18851
62601
60960
60226
31848
44189
5030
29503
27716
46487
13455
42701
5927
6343
65043
25524
38900
64096
22048
52266
16640
44790
13119
64271
50860
32738
55407
14019
23361
50754
39690
41052
53060
34982
44362
50754
41096
9787
37791
42617
10931
19196
13149
63233
13752
5769
14511
46921
65150
10657
46759
28136
41850
2146
53445
11929
63257
45198
18364
53159
64531
26200
26028
8267
24862
65286
57116
40021
55715
31256
20335
64109
7303
40738
26650
4574
4392
58120
17276
20795
31094
51821
32025
18635
28360
52205
19416
26700
51748
49747
21788
55374
4165
59663
58499
31065
31216
12917
41202
20379
64152
19306
24422
36451
50632
35366
56446
48115
22558
16631
39300
559
50771
55706
59093
17404
25813
52509
65072
24395
22682
1693
35396
39480
28289
49089
53123
25372
38416
7108
64364
43450
30416
5277
44396
24499
63813
3200
15625
26997
62923
4035
24317
5213
149
34693
50204
13240
62239
32639
62409
23074
7336
22614
44660
22711
11554
42742
28055
44733
64665
26638
23534
58431
19606
38973
17567
48575
54792
42131
16590
47070
13433
12218
17184
33997
7036
62682
22038
11310
21900
30230
26380
38212
12240
59385
41661
25872
36168
59661
45827
17075
2460
64519
63267
26098
32864
3807
6646
17130
26055
12592
6699
48257
37151
49975
64276
24977
7353
7269
21970
18776
35389
57285
62953
28292
27097
54417
34624
18317
55015
15847
14535
31609
31062
58433
38018
13619
43306
37388
52708
53909
23639
57635
28818
43048
49140
19657
54730
52477
38944
27093
42061
27604
38490
32951
4094
54671
57538
4558
43374
32159
42458
51086
36095
